# This file may be used to create an environment using:
# $ conda create --name <env> --file <this file>
# platform: win-64
asttokens=2.1.0=pyhd8ed1ab_0
backcall=0.2.0=pyh9f0ad1d_0
backports=1.0=py_2
backports.functools_lru_cache=1.6.4=pyhd8ed1ab_0
bzip2=1.0.8=h8ffe710_4
ca-certificates=2022.9.24=h5b45459_0
certifi=2022.12.7=pypi_0
charset-normalizer=2.1.1=pypi_0
colorama=0.4.6=pyhd8ed1ab_0
contourpy=1.2.0=pypi_0
cycler=0.12.1=pypi_0
debugpy=1.6.3=py39h99910a6_1
decorator=5.1.1=pyhd8ed1ab_0
entrypoints=0.4=pyhd8ed1ab_0
executing=1.2.0=pyhd8ed1ab_0
filelock=3.9.0=pypi_0
fonttools=4.47.2=pypi_0
fsspec=2023.5.0=pypi_0
huggingface-hub=0.15.1=pypi_0
idna=3.4=pypi_0
importlib-resources=6.1.1=pypi_0
ipykernel=6.14.0=py39h832f523_0
ipython=8.4.0=py39hcbf5309_0
jedi=0.18.1=pyhd8ed1ab_2
jinja2=3.1.2=pypi_0
joblib=1.2.0=pypi_0
jupyter_client=7.4.7=pyhd8ed1ab_0
jupyter_core=5.0.0=py39hcbf5309_0
kiwisolver=1.4.5=pypi_0
libffi=3.4.2=h8ffe710_5
libsodium=1.0.18=h8d14728_1
libzlib=1.2.13=hcfcfb64_4
markupsafe=2.1.2=pypi_0
matplotlib=3.8.2=pypi_0
matplotlib-inline=0.1.6=pyhd8ed1ab_0
mpmath=1.2.1=pypi_0
nest-asyncio=1.5.6=pyhd8ed1ab_0
networkx=3.0=pypi_0
numpy=1.24.1=pypi_0
opencv-python=4.9.0.80=pypi_0
openssl=3.0.7=hcfcfb64_0
packaging=23.1=pypi_0
pandas=2.0.2=pypi_0
parso=0.8.3=pyhd8ed1ab_0
pickleshare=0.7.5=py_1003
pillow=9.3.0=pypi_0
pip=23.1.2=py39haa95532_0
platformdirs=2.5.2=pyhd8ed1ab_1
prompt-toolkit=3.0.32=pyha770c72_0
psutil=5.9.4=py39ha55989b_0
pure_eval=0.2.2=pyhd8ed1ab_0
pygments=2.13.0=pyhd8ed1ab_0
pyparsing=3.0.9=pyhd8ed1ab_0
python=3.9.13=hcf16a7b_0_cpython
python-dateutil=2.8.2=pyhd8ed1ab_0
python_abi=3.9=2_cp39
pytz=2023.3=pypi_0
pywin32=304=py39h99910a6_2
pyyaml=6.0=pypi_0
pyzmq=24.0.1=py39hea35a22_1
regex=2023.6.3=pypi_0
requests=2.28.1=pypi_0
scikit-learn=1.2.2=pypi_0
scipy=1.10.1=pypi_0
setuptools=67.8.0=py39haa95532_0
six=1.16.0=pyh6c4a22f_0
sqlite=3.41.2=h2bbff1b_0
stack_data=0.6.1=pyhd8ed1ab_0
sympy=1.11.1=pypi_0
threadpoolctl=3.1.0=pypi_0
tk=8.6.12=h8ffe710_0
tokenizers=0.13.3=pypi_0
torch=2.0.1+cu117=pypi_0
torchaudio=2.0.2+cu117=pypi_0
torchvision=0.15.2+cu117=pypi_0
tornado=6.2=py39ha55989b_1
tqdm=4.65.0=pypi_0
traitlets=5.5.0=pyhd8ed1ab_0
transformers=4.29.2=pypi_0
typing-extensions=4.4.0=pypi_0
tzdata=2023.3=pypi_0
ucrt=10.0.22621.0=h57928b3_0
urllib3=1.26.13=pypi_0
vc=14.2=h21ff451_1
vs2015_runtime=14.32.31332=h1d6e394_9
wcwidth=0.2.5=pyh9f0ad1d_2
wheel=0.38.4=py39haa95532_0
xz=5.2.6=h8d14728_0
zeromq=4.3.4=h0e60522_1
zipp=3.17.0=pypi_0
